4.100000000000000000e+01 9.008534252643585205e-03
4.200000000000000000e+01 1.750234037469501971e-02
4.300000000000000000e+01 1.310085763736647084e-02
4.400000000000000000e+01 1.804004028040880753e-02
4.500000000000000000e+01 7.616763250170391700e-03
4.600000000000000000e+01 3.646450278199749127e-03
4.700000000000000000e+01 8.139987406131421466e-03
4.800000000000000000e+01 7.052836436477085205e-03
4.900000000000000000e+01 4.105450999405648588e-03
5.000000000000000000e+01 5.837819215724456695e-03
5.100000000000000000e+01 5.062551498413086180e-03
5.200000000000000000e+01 3.885834075315547104e-03
5.300000000000000000e+01 6.984079974751391390e-03
5.400000000000000000e+01 5.302285901768788445e-03
5.500000000000000000e+01 5.647633210530896529e-03
5.600000000000000000e+01 5.105432041778678633e-03
5.700000000000000000e+01 6.927207177477745503e-03
5.800000000000000000e+01 1.383056402094416659e-02
5.900000000000000000e+01 6.039965034943771405e-03
6.000000000000000000e+01 5.345185295137186952e-03
6.100000000000000000e+01 3.157804409662882342e-03
6.200000000000000000e+01 1.810558342839014775e-02
6.300000000000000000e+01 1.172859088271163003e-02
6.400000000000000000e+01 1.448947301581619135e-02
6.500000000000000000e+01 9.320992830907925963e-03
6.600000000000000000e+01 6.176684192489047265e-03
6.700000000000000000e+01 1.178613558109320621e-02
6.800000000000000000e+01 6.783470449357167573e-03
6.900000000000000000e+01 7.647703275305904429e-03
7.000000000000000000e+01 5.440236326733771319e-03
7.100000000000000000e+01 1.388166458196612302e-02
7.200000000000000000e+01 8.534253494411610935e-03
7.300000000000000000e+01 5.557370437270820092e-03
7.400000000000000000e+01 5.196335680260453713e-03
7.500000000000000000e+01 5.129987959626128476e-03
7.600000000000000000e+01 6.315994262695312673e-03
