0 3 0.01 100
0 2.5 0.01 100
0 2.1 0.01 1000
0 2.001 0.01 1000
0 1.9 0.01 1000
0 1.5 0.01 100
0 1 0.01 100
0 0.5 0.01 100
0 0 0.01 100
0 -0.5 0.01 100
0 -1 0.01 100
0 -1.5 0.01 100
0 -1.9 0.01 1000
0 -2.001 0.01 1000
0 -2.1 0.01 1000
0 -2.5 0.01 100
0 -3 0.01 100
0 3 -0.01 100
0 2.5 -0.01 100
0 2.1 -0.01 1000
0 2.001 -0.01 1000
0 -2.001 -0.01 1000
0 -2.1 -0.01 1000
0 -2.5 -0.01 100
0 -3 -0.01 100
6.2831853 1.9 0.01 1000
6.2831853 1.5 0.01 100
6.2831853 1 0.01 100
6.2831853 0.5 0.01 100
6.2831853 0 0.01 100
6.2831853 -0.5 0.01 100
6.2831853 -1 0.01 100
6.2831853 -1.5 0.01 100
6.2831853 -1.9 0.01 1000
-6.2831853 1.9 0.01 1000
-6.2831853 1.5 0.01 100
-6.2831853 1 0.01 100
-6.2831853 0.5 0.01 100
-6.2831853 0 0.01 100
-6.2831853 -0.5 0.01 100
-6.2831853 -1 0.01 100
-6.2831853 -1.5 0.01 100
-6.2831853 -1.9 0.01 1000

